     1.200   0.0000e+00
     1.300   7.0000e+00
     1.400   2.2000e+01
     1.500   1.5000e+01
     1.600   1.9000e+01
     1.700   6.0000e+00
     1.800   0.0000e+00
     1.900   1.0000e+00
     2.000   0.0000e+00
     2.100   0.0000e+00
     2.200   0.0000e+00
     2.300   0.0000e+00
     2.400   1.0000e+00
     2.500   8.0000e+00
     2.600   1.8000e+01
     2.700   6.4000e+01
     2.800   1.5900e+02
     2.900   4.9100e+02
     3.000   1.0340e+03
     3.100   1.3660e+03
     3.200   1.5660e+03
     3.300   1.4250e+03
     3.400   9.4100e+02
     3.500   6.5100e+02
     3.600   5.7300e+02
     3.700   3.3100e+02
     3.800   1.4200e+02
     3.900   8.3000e+01
     4.000   3.3000e+01
     4.100   3.0000e+00
     4.200   0.0000e+00
